image_width: 320
image_height: 240
camera_name: camera
camera_matrix:
  rows: 3
  cols: 3
  data: [347.869498, 0.000000, 158.974553, 0.000000, 348.917718, 88.518739, 0.000000, 0.000000, 1.000000]
distortion_model: plumb_bob
distortion_coefficients:
  rows: 1
  cols: 5
  data: [-0.070786, 0.139213, -0.034516, -0.002595, 0.000000]
rectification_matrix:
  rows: 3
  cols: 3
  data: [1.000000, 0.000000, 0.000000, 0.000000, 1.000000, 0.000000, 0.000000, 0.000000, 1.000000]
projection_matrix:
  rows: 3
  cols: 4
  data: [349.453064, 0.000000, 157.869393, 0.000000, 0.000000, 340.317383, 82.420205, 0.000000, 0.000000, 0.000000, 1.000000, 0.000000]
