image_width: 320
image_height: 240
camera_name: camera
camera_matrix:
  rows: 3
  cols: 3
  data: [360.899863, 0.000000, 143.000969, 0.000000, 360.412949, 124.430025, 0.000000, 0.000000, 1.000000]
distortion_model: plumb_bob
distortion_coefficients:
  rows: 1
  cols: 5
  data: [0.117952, -0.907524, -0.005356, -0.013492, 0.000000]
rectification_matrix:
  rows: 3
  cols: 3
  data: [1.000000, 0.000000, 0.000000, 0.000000, 1.000000, 0.000000, 0.000000, 0.000000, 1.000000]
projection_matrix:
  rows: 3
  cols: 4
  data: [350.467621, 0.000000, 137.121569, 0.000000, 0.000000, 360.233978, 123.335767, 0.000000, 0.000000, 0.000000, 1.000000, 0.000000]
